-0.00670
0.00962
0.00708
0.00748
-0.00515
-0.00545
-0.00087
0.02354
0.02266
-0.00283
0.00117
0.00428
0.03067
0.02891
-0.00288
0.01189
0.00942
0.01704
-0.00576
-0.02308
0.00636
-0.00416
-0.01011
0.01148
-0.00386
-0.00013
0.00331
-0.00015
-0.01032
-0.01299
0.02183
-0.00058
0.02858
0.02029
-0.01464
0.00071
0.01409
0.01627
-0.02062
0.00681
-0.00689
-0.00041
0.02251
-0.01722
-0.01244
0.01497
0.00699
0.03051
0.02100
0.01287
0.00228
-0.00852
-0.01133
0.02360
0.00248
0.01637
-0.00458
0.00307
0.04623
0.00999
0.00257
-0.00107
0.01521
0.01412
0.01314
0.01216
0.01227
0.00596
0.01504
-0.02338
0.00153
-0.00578
0.00575
0.00796
-0.00170
0.02155
0.00487
-0.00634
0.01574
-0.00092
-0.00380
0.03545
0.02806
-0.00892
0.00364
-0.01031
0.00869
0.00127
-0.00588
-0.01389
0.00673
-0.00611
-0.01815
0.01073
0.00082
-0.00488
0.01278
-0.02609
-0.01226
0.02096
0.01136
0.05634
-0.00575
0.00749
-0.00447
0.00852
0.01328
-0.00463
0.00578
0.00741
0.00444
0.02615
0.01555
-0.00739
-0.01196
0.01862
-0.01492
-0.00149
-0.00548
-0.00768
0.00694
-0.00343
0.01322
0.01225
0.02292
-0.00524
-0.00579
-0.00919
0.00810
0.01072
0.00602
0.01431
-0.01307
0.01664
0.00313
-0.00004
0.01876
0.00568
-0.01150
-0.01427
0.00943
0.01463
0.02385
0.01431
-0.00085
-0.00451
0.01473
0.00206
-0.00372
-0.00847
0.01133
-0.00716
0.00766
-0.00223
0.02104
-0.00121
0.01508
0.00725
-0.00325
0.01683
-0.00483
-0.01763
0.00351
0.02103
0.00262
0.01723
0.01612
-0.00778
0.00767
0.00090
0.01473
0.00872
-0.01154
0.00114
0.01109
0.01884
0.01508
0.01056
-0.01007
-0.02001
0.00236
0.00375
0.02617
0.01037
-0.00598
-0.02003
0.00562
0.01472
-0.00390
-0.00765
-0.01133
-0.00976
-0.00452
0.00843
-0.00205
0.00972
-0.00310
0.01594
-0.01030
0.00914
0.00753
0.00346
0.01224
0.01756
0.02891
-0.00096
-0.00435
-0.00944
-0.00058
-0.00424
-0.00106
0.01088
0.01021
0.00933
0.02230
0.01412
0.02266
-0.00500
0.00382
0.02083
0.00440
-0.01338
0.03210
-0.00113
-0.00273
-0.00189
0.01393
-0.00522
0.02488
0.00461
0.00861
-0.00523
-0.00797
-0.00346
-0.00635
0.00127
-0.00594
0.02098
-0.00267
0.00760
-0.00383
-0.01585
-0.00164
0.03879
-0.00136
-0.01251
0.00832
-0.00254
-0.00531
0.01101
0.00918
0.00254
0.00769
0.00671
-0.00394
0.00022
-0.01063
0.02406
0.03161
0.01098
0.01441
-0.01991
-0.01556
0.00828
0.00254
0.00290
0.02120
-0.00758
-0.00041
-0.01268
0.00157
0.00325
-0.00309
-0.00652
0.01980
0.00812
-0.00571
0.00253
-0.00453
-0.00831
0.02152
-0.00659
-0.01443
0.02044
0.00404
0.00056
-0.00814
0.00894
0.00301
0.01450
-0.00314
0.02139
0.02689
0.01286
-0.00494
0.03018
-0.02169
-0.00856
0.01435
0.02501
0.02308
0.00536
0.01055
0.00278
0.00241
0.01105
-0.00794
0.00288
0.01565
-0.01208
-0.00082
-0.01525
-0.01763
0.01164
-0.00165
-0.01124
-0.00614
0.01578
-0.00310
0.00846
0.00203
0.00510
0.02228
0.01026
0.00299
0.02684
0.01173
0.00999
0.00546
0.01728
-0.01243
0.01547
0.00114
-0.00624
0.02334
-0.02725
0.00228
-0.01680
-0.00122
0.01032
0.00910
0.02501
0.01133
-0.00467
0.00380
0.01298
0.01170
0.01032
0.00219
0.00380
-0.00359
-0.01762
0.01317
0.00071
-0.00499
0.00905
-0.00685
-0.00149
-0.00690
0.01674
0.00107
0.00845
-0.01210
0.00607
-0.00149
0.01004
0.01116
0.00056
0.00242
0.02210
0.02835
0.02046
-0.00407
0.01182
-0.00884
0.00146
-0.00507
-0.00712
-0.00570
-0.01233
0.01731
-0.00843
-0.02145
0.02215
-0.00347
0.02017
0.01227
-0.00210
0.00176
-0.01029
-0.01235
-0.00174
0.00470
0.00289
0.00672
-0.00274
0.00244
0.00513
0.00997
0.01511
0.01427
0.00983
-0.00422
0.03050
0.00602
-0.00095
-0.00247
-0.01965
-0.00609
0.00970
-0.00271
0.00397
0.00286
-0.01988
-0.00563
-0.00350
-0.00665
-0.00891
-0.00018
-0.01906
-0.01539
0.01737
-0.01138
-0.01231
-0.00456
0.01348
-0.00712
-0.00593
0.00027
-0.01739
0.00446
-0.00650
0.01930
0.00706
0.01480
0.01795
0.01228
0.01274
-0.01853
0.01690
-0.01296
-0.02668
0.00916
-0.01360
0.00571
-0.01185
0.01185
0.01097
0.03107
-0.01534
-0.00574
0.00359
-0.01833
-0.00757
0.01902
0.00415
0.00145
-0.00587
0.00282
0.02961
-0.00338
-0.01648
-0.01350
0.02702
-0.01151
-0.01692
0.00953
0.00050
0.00116
-0.02250
-0.00736
-0.00211
-0.00006
-0.01506
0.00490
0.03439
0.00519
0.03253
0.01045
0.01744
-0.00417
0.00656
-0.01455
-0.00152
0.01142
0.00927
-0.00525
0.01192
-0.00516
-0.00687
0.00591
0.00614
0.01367
0.01473
0.00240
-0.00621
0.01877
0.00703
0.01105
-0.00290
0.01026
0.00372
0.00336
-0.01054
-0.02023
0.00808
0.01042
0.00157
0.00861
0.00798
-0.01650
0.01771
