0.01119
0.00216
-0.00268
0.01568
0.00617
0.00151
0.02515
0.02996
0.02399
0.00773
0.01713
-0.00423
0.01491
0.02547
0.03566
0.03342
0.00274
0.00914
0.01454
-0.00564
0.00849
0.02703
-0.00352
0.01861
0.00087
0.02588
-0.00271
-0.00205
0.02069
0.00272
0.03062
0.02125
0.00987
0.00375
0.02484
0.01507
0.00662
0.01112
0.02795
0.01619
0.03205
-0.00047
0.02446
0.02616
0.03038
0.00214
0.02196
-0.00516
0.00968
-0.00014
0.00600
0.01072
0.00519
0.02702
0.00152
0.00024
0.01774
-0.01814
0.00641
0.00043
-0.00537
0.01948
0.00631
0.01644
0.00091
0.00287
0.01551
0.01333
-0.00256
0.02221
0.01842
0.00447
0.01441
0.00383
-0.00001
0.01381
-0.00005
-0.00077
0.01816
0.00211
0.00144
-0.00813
0.02735
0.01206
0.01939
0.00817
0.01504
0.01616
-0.01198
0.02626
0.02071
0.02678
-0.00113
0.00434
0.01655
0.00325
0.01565
0.01424
0.00533
0.00796
0.00067
0.03094
-0.00263
0.00409
0.02536
0.02263
0.01417
0.00287
-0.00919
0.02410
0.00119
0.00532
0.00418
0.00864
0.02574
0.02570
0.02162
0.01551
0.01539
0.01793
0.03027
0.00199
-0.00217
-0.00628
0.00551
0.02592
0.00947
0.01727
0.01358
0.01724
0.02747
0.00989
0.00699
0.00970
-0.00102
0.00107
0.01940
0.01314
0.00471
0.02249
0.00718
0.03134
0.01123
0.00929
-0.00754
0.00189
0.00522
0.00537
0.00374
-0.00476
-0.00050
0.00890
0.02330
0.02750
0.00802
0.02106
0.01364
0.01131
0.00936
0.01293
0.00001
0.00499
0.02489
0.02584
0.01755
0.00753
0.01176
0.00494
0.02590
0.00226
0.02983
-0.00105
0.00777
-0.00052
0.00564
-0.00175
0.01552
0.01969
-0.00985
-0.00136
0.02812
-0.00263
0.01866
0.00040
0.03157
-0.00643
-0.00266
-0.00229
0.01618
0.02178
0.02836
-0.00915
-0.00566
0.02298
-0.00952
0.01126
0.01089
0.01052
0.00634
-0.00217
-0.00942
-0.00918
0.01465
-0.00903
-0.00942
-0.00440
0.00150
0.01856
0.00775
0.00482
0.00491
-0.00020
-0.00052
0.00884
0.00505
0.01015
0.00958
0.03132
0.00137
-0.00057
0.00605
0.02040
0.02098
0.03658
0.01669
0.02529
0.01260
0.03109
0.00249
0.00138
0.00419
0.01506
0.01529
0.01575
0.02383
-0.00383
0.02107
0.00033
-0.00817
0.02807
-0.00417
0.02954
-0.00888
-0.00162
0.00778
0.01079
0.03006
0.00402
0.01278
0.01707
0.00376
0.01185
-0.00654
0.02316
0.00144
-0.00686
0.00951
0.00335
0.01409
0.03185
0.00018
0.01256
0.00083
0.00567
0.01363
0.03085
0.01159
0.01185
0.01224
-0.00468
0.00407
0.02161
0.00370
0.02396
0.00054
0.02947
0.01585
0.02334
-0.00111
0.03015
0.02082
0.00361
0.01661
0.00310
0.00189
0.00360
-0.00896
-0.00080
0.01507
-0.00609
0.03140
0.02139
0.00516
0.00809
0.01892
0.02832
0.02681
-0.00048
0.00699
0.00762
0.02981
0.00958
0.01760
0.00445
0.00347
0.00557
0.00517
0.01893
0.01751
-0.00041
0.00883
0.02702
-0.00291
-0.00171
0.00592
-0.00044
0.00655
0.01335
0.00149
-0.00484
0.01016
0.02833
0.01364
0.01961
0.00305
0.01677
0.01232
0.01623
0.00751
0.02724
0.00167
0.00140
0.01768
0.01554
0.00070
-0.00312
0.02209
0.02079
0.00412
0.01963
-0.00920
0.01927
0.01461
0.03241
0.00192
0.00184
0.03443
0.00759
0.03191
-0.00732
0.02159
0.02633
0.00408
-0.00258
0.04010
0.01650
0.00328
-0.00104
0.02813
0.00199
0.02742
0.01279
0.00488
0.03442
0.01033
0.00662
0.01822
0.03301
0.00844
0.03210
0.01192
0.01779
-0.00896
0.00209
0.01006
0.01767
-0.00509
0.01166
0.00351
0.00379
-0.00031
0.00096
-0.00688
0.01222
0.02402
0.00154
0.00098
-0.00003
0.02245
0.02176
0.02931
0.02896
0.02927
-0.00804
0.01127
0.01636
-0.00161
0.01796
0.02825
0.01019
-0.00264
0.01718
0.00297
0.03661
0.00592
0.01036
0.02961
0.00059
0.01805
0.00501
0.02421
-0.00302
0.00499
0.01624
0.01351
0.01448
0.03201
0.02730
0.02562
0.00306
0.00257
-0.00520
0.00396
0.01763
0.00208
0.00300
0.01398
0.01704
-0.00302
-0.01218
0.00470
0.01671
0.01709
0.02537
0.01541
0.01639
-0.00501
0.00137
0.02099
0.01070
0.01123
0.02066
0.02754
0.00144
0.02041
0.02552
0.03115
0.00528
0.00961
0.01534
0.01094
0.00035
-0.00739
0.00268
0.00525
-0.00877
-0.00405
0.03181
0.01146
0.02140
0.00416
-0.00304
0.00712
0.01659
0.02358
0.02715
0.02050
-0.00473
0.01019
-0.00082
0.00763
0.02154
0.01484
0.01079
0.00070
0.00138
0.00421
0.01740
0.02297
0.02788
0.03825
0.00881
0.02163
0.02971
0.03120
-0.00944
-0.00693
0.00209
-0.00843
0.01091
0.01986
-0.01586
0.02544
0.01313
0.03044
0.01094
0.01615
0.00606
0.01442
0.03640
0.00949
0.03344
0.02402
0.02186
0.00427
0.01892
0.00622
0.02291
0.02570
0.02034
0.00530
0.00502
