0.08926,-0.14019,-0.17961,-0.12998,-0.04575,0.04602,0.07032,-0.01860,-0.01731,0.06157
0.00875,-0.01057,0.03088,-0.11067,-0.06208,0.10664,0.12020,-0.18361,-0.14289,-0.01601
0.10735,0.16468,-0.12789,0.11224,-0.10573,0.02117,-0.09598,0.04147,-0.06260,-0.09431
-0.01016,-0.09487,-0.11273,-0.00315,0.09141,-0.13069,0.02969,-0.20036,0.02872,-0.10055
-0.03100,0.01063,-0.05964,-0.13881,-0.13692,0.12036,-0.01928,0.00252,-0.02406,0.06543
-0.14917,0.07039,-0.07932,-0.06524,0.02071,-0.11466,0.07523,0.12929,0.05440,-0.16115
-0.09948,0.06192,-0.09882,0.05997,0.00939,-0.19089,-0.18090,0.03976,0.10388,0.07291
0.03932,0.09671,-0.03408,-0.15809,0.07034,-0.19658,-0.18491,0.07060,0.03770,0.10452
-0.02724,0.04186,0.00117,0.04260,-0.09573,-0.03364,-0.14729,0.05953,0.09522,-0.22389
0.01688,0.16083,-0.17874,0.04068,0.10743,-0.16255,-0.01923,-0.09194,-0.02635,-0.07931
0.03230,-0.04814,0.07865,-0.07447,-0.11322,-0.04996,0.07538,0.08708,0.10139,-0.13865
0.09976,-0.05134,0.04335,-0.08981,-0.17239,0.15469,0.11708,0.15497,-0.00614,-0.00246
-0.06235,0.12144,-0.17593,-0.05163,0.04254,0.12783,-0.03018,0.11404,0.06833,0.02317
-0.11360,0.04369,0.03310,-0.01909,0.08073,0.12670,-0.08339,0.01644,0.08011,-0.16538
0.06306,-0.24286,-0.12231,-0.05787,-0.03850,0.15677,0.06838,-0.09841,0.10603,0.00041
-0.19724,0.05989,-0.08311,-0.07903,0.03566,0.04562,-0.05193,-0.14256,0.10132,0.04334
-0.00269,-0.28759,-0.22138,0.08102,-0.14707,-0.09743,0.09578,0.09637,-0.09997,0.02768
-0.11196,-0.20969,0.08720,-0.15815,0.12568,0.02112,0.06938,-0.03463,-0.17370,0.00121
-0.08783,-0.25874,0.08108,-0.12291,0.00487,0.09852,-0.14730,-0.02994,-0.06468,0.08719
-0.08404,-0.12603,0.06699,0.06076,-0.00155,-0.13650,-0.13698,0.11831,-0.10380,-0.14597
-0.04812,0.07183,-0.18375,-0.01831,0.15369,0.02087,-0.03475,0.05887,-0.03222,-0.10931
0.00822,-0.07156,0.00536,-0.12514,0.06804,-0.11979,-0.21096,0.10350,0.09708,0.00731
-0.12827,-0.16901,0.16484,-0.04625,0.01401,0.00883,0.14028,0.03605,-0.14801,-0.00745
0.07210,-0.06634,0.10740,0.04114,-0.11414,-0.03236,-0.04152,-0.16713,0.07609,0.12378
0.08247,-0.08818,-0.03016,-0.11265,0.12536,0.06064,-0.01833,0.06413,-0.03414,-0.10326
-0.11119,-0.04282,0.01131,0.11870,0.14267,-0.10727,-0.19348,-0.12647,0.03062,-0.06800
0.00459,0.04347,-0.10142,-0.06260,0.14121,-0.14506,-0.15804,0.14865,-0.06456,-0.02889
-0.13083,-0.09567,0.02724,0.01768,0.05041,0.02412,-0.14528,0.04410,-0.13064,0.01966
0.08824,-0.11610,0.03671,0.10484,-0.14428,-0.00069,-0.06240,0.07154,0.06445,0.03107
0.15638,-0.15695,-0.13561,0.10566,-0.07485,0.03557,0.08969,0.10350,-0.05002,-0.19215
-0.13909,-0.01323,-0.19084,0.07574,0.10318,0.07078,0.10231,-0.01029,0.07203,0.09815
-0.17708,0.13704,-0.14380,0.06851,0.01213,-0.02045,-0.23491,-0.01767,-0.00705,0.05561
-0.01820,-0.02793,0.08815,-0.16648,0.12676,0.11395,0.07967,-0.01564,-0.03524,-0.04725
0.07045,-0.21902,0.04061,0.12437,0.08363,0.05182,0.09844,-0.20067,-0.12520,0.10407
0.03813,-0.01362,-0.02457,-0.03029,-0.18076,-0.15512,0.13096,-0.07773,0.11906,-0.08160
0.13512,0.15585,-0.14189,-0.13916,0.08429,-0.05019,0.04151,-0.08470,-0.17640,-0.07723
-0.08220,-0.23829,-0.08585,-0.10181,0.08758,-0.04403,0.11971,0.10951,-0.05001,0.08282
-0.21631,-0.14518,-0.06150,-0.08186,-0.10689,0.02537,-0.05356,-0.00830,0.05178,0.17399
-0.17731,-0.20221,0.14462,0.05061,0.01378,-0.01621,-0.14529,-0.01229,0.10140,-0.04193
-0.20768,0.13405,-0.02194,-0.15762,0.08858,0.04001,-0.15300,-0.16352,-0.05020,0.07613
-0.19436,0.03380,-0.17234,-0.15230,0.07651,0.10333,0.02020,-0.12605,0.08470,0.07434
0.05053,0.18167,-0.07106,-0.02177,0.07652,-0.09292,0.06670,0.03331,-0.13060,-0.13573
-0.04496,-0.13137,-0.20764,0.02615,-0.00458,0.09772,0.05237,-0.20053,0.02694,0.06290
0.07804,-0.11306,-0.16757,-0.14877,-0.01054,0.08345,0.10252,-0.14128,0.12205,-0.07370
-0.10350,0.07958,0.01662,-0.09869,0.00825,-0.14393,0.06875,-0.09546,0.10855,0.03846
0.16984,0.06827,0.10637,-0.06441,0.12658,-0.14436,-0.19067,0.01844,-0.17515,0.08480
-0.11472,0.01447,0.01931,0.13002,-0.17072,-0.05021,-0.07277,0.00608,0.05920,-0.09540
0.09629,-0.12379,0.08020,-0.03430,-0.07824,-0.14708,0.04579,0.13147,0.08050,-0.14510
-0.10763,0.04923,0.13759,-0.12988,0.14203,0.18259,-0.17085,-0.05053,-0.12874,-0.01651
0.08174,0.03413,0.03042,-0.12716,-0.13393,-0.14329,0.11624,0.01357,-0.00506,-0.03505
-0.10734,0.14941,0.02569,-0.20154,0.16061,0.04533,-0.08376,0.07409,0.05592,-0.06821
-0.10001,-0.15979,0.14762,0.01559,-0.01496,-0.02486,0.13997,-0.03354,0.01496,-0.03005
-0.08186,0.13708,0.03338,0.08687,0.13499,0.02946,-0.00307,-0.04721,-0.16025,-0.18502
-0.11350,0.07075,0.06535,0.11081,-0.00107,0.05345,-0.00924,-0.11464,0.10946,0.06319
-0.15991,0.06871,0.14608,-0.11131,-0.15640,0.05679,-0.12815,-0.03469,-0.02600,-0.03075
0.06908,0.18353,-0.19266,-0.03867,0.04313,0.08794,0.13121,-0.14212,-0.10087,0.07685
-0.02701,-0.00477,-0.16044,-0.04225,-0.11752,0.06158,0.00806,-0.02918,0.10461,0.11972
0.02061,0.17027,-0.13795,-0.11122,-0.11420,-0.03556,0.06363,0.06711,-0.10482,-0.02570
-0.03885,-0.18369,-0.00210,-0.12003,0.04588,0.14157,-0.11754,-0.03377,-0.14810,0.03074
0.10400,-0.25422,0.09223,-0.10657,0.08344,0.05873,-0.02795,0.07586,-0.05750,-0.04953
-0.13398,0.12654,0.05489,0.04552,0.03264,0.14641,-0.00306,-0.11816,-0.14150,-0.10685
-0.09032,-0.11041,0.00630,0.07578,-0.20400,0.05274,0.08690,0.08262,0.10850,-0.17268
0.10102,-0.02634,0.08032,-0.14887,-0.11713,0.08438,0.11954,-0.17025,0.05320,0.11431
0.08507,-0.16493,0.16825,-0.16659,0.03031,0.02750,-0.13759,-0.04413,0.01870,-0.04641
0.13043,-0.16203,-0.00220,0.12083,-0.12851,-0.01079,-0.09981,0.11330,-0.12038,0.09939
-0.05186,-0.11815,0.13728,-0.09198,-0.05581,0.03148,-0.18900,0.07164,-0.08222,0.05074
0.05666,-0.10221,0.09593,0.09667,-0.11019,0.09496,0.05713,-0.16928,0.03930,0.11846
-0.00284,0.14040,-0.06261,-0.08289,-0.01520,-0.17924,0.05502,0.12138,0.08592,-0.14398
0.02095,0.12688,-0.10741,0.12095,0.08580,0.12437,0.13129,0.06170,-0.02956,-0.02494
-0.04314,-0.17833,0.14209,-0.08884,-0.00767,-0.20735,-0.09348,0.00008,0.00670,0.11547
-0.02959,-0.08098,0.01339,-0.18089,-0.20015,0.13051,0.03098,0.07007,0.09813,0.03326
-0.06499,-0.12983,-0.10460,-0.17385,-0.02280,0.00481,-0.05359,0.14119,-0.14588,-0.03911
0.01194,-0.09792,0.13429,-0.03283,-0.06342,0.11181,0.00083,0.05903,0.09887,-0.09674
0.00026,0.05143,-0.00299,0.11045,-0.13825,0.12806,-0.14279,-0.13417,-0.09651,0.00090
0.14980,-0.19134,0.07631,-0.06919,0.04865,-0.07161,-0.09970,-0.01388,-0.08263,-0.08629
-0.16495,-0.12684,0.08043,0.10864,0.02966,-0.02933,0.02630,-0.11074,-0.18485,0.05720
-0.04668,-0.09074,0.14429,-0.17336,0.02192,0.00670,0.07095,0.06806,-0.12040,0.07396
-0.12575,-0.08529,-0.07707,-0.16601,-0.14748,0.03543,0.01831,0.12280,-0.00903,-0.03982
0.12298,0.13737,0.04695,-0.17195,0.11679,0.00358,-0.24203,-0.16422,0.00830,0.10370
0.06986,-0.09183,0.08321,-0.08941,-0.17919,-0.06609,0.11274,-0.08189,-0.04561,0.02552
0.13493,-0.16655,-0.22053,0.01090,0.06874,0.00166,0.12161,-0.04353,-0.15104,0.12929
0.02011,-0.16594,-0.02084,0.08512,-0.07190,0.08925,-0.06093,0.13180,-0.06275,-0.05496
0.08078,0.07024,0.08174,-0.09755,0.03696,-0.17019,-0.12860,-0.17337,0.01822,0.01030
0.10903,0.09975,0.14838,-0.14831,0.09609,-0.18049,0.10169,-0.18229,-0.03339,0.06965
0.14759,-0.13575,0.08254,-0.15597,0.06121,-0.12344,-0.05996,-0.01715,0.13553,-0.06991
0.16623,-0.04978,0.07474,-0.09793,-0.19111,-0.01097,-0.16333,0.04498,0.01846,-0.14497
-0.09576,-0.16194,-0.03387,-0.16178,0.03330,0.09832,-0.18970,0.07741,-0.02262,0.08861
-0.10104,-0.12954,-0.13955,0.10658,-0.03581,-0.09453,0.07842,-0.14429,0.00890,0.04436
-0.13935,0.08451,0.00728,-0.12800,-0.03427,-0.13552,-0.25578,0.09111,-0.11865,0.00808
0.09094,0.08818,-0.10698,0.07494,-0.12318,0.08310,-0.07185,-0.02232,0.08330,0.01412
0.11707,0.12080,0.00906,-0.11703,0.10761,-0.11524,0.09746,-0.15392,0.04987,0.03863
0.06470,-0.01786,-0.16123,-0.12283,0.08848,-0.13890,-0.00811,-0.12464,0.00689,0.03853
-0.18644,0.08591,0.05727,0.00937,-0.08676,-0.14435,-0.19370,0.10958,0.00107,0.09090
-0.12637,-0.07562,0.02663,0.14773,-0.11817,-0.08188,-0.05888,-0.01558,-0.02067,-0.07229
-0.05879,0.09895,0.16831,-0.13685,-0.08621,-0.00297,-0.02037,-0.03313,0.04651,-0.07584
0.12274,-0.19823,0.06844,0.11743,-0.17142,0.13523,-0.05554,-0.16591,-0.12652,0.13321
0.14362,-0.11078,-0.07563,0.09346,-0.06378,-0.10449,0.14244,-0.10485,0.06726,-0.08653
-0.11733,0.10008,0.06531,-0.10992,0.04761,-0.15838,-0.05583,0.04875,0.09356,-0.08482
0.06156,-0.19575,0.04536,0.07687,0.10035,0.13227,-0.05997,-0.03635,-0.12610,-0.09013
-0.03391,0.01793,0.03769,0.10488,-0.02975,0.03516,0.07803,-0.14086,-0.02762,-0.18302
-0.07856,-0.02762,0.02874,-0.11378,-0.01291,0.12440,-0.04451,0.19508,-0.01304,-0.11689
-0.04580,0.02183,-0.01864,0.01502,0.01353,-0.03396,-0.22982,-0.11516,0.13060,0.07728
-0.18768,0.14115,0.14193,-0.10654,-0.00832,-0.14447,0.01002,0.10411,-0.20204,-0.11565
-0.21457,-0.13425,0.03678,-0.00857,0.00147,-0.23783,-0.10757,0.06215,-0.06521,0.02627
-0.15445,0.06912,-0.10956,-0.06089,0.01685,0.15558,-0.13365,-0.06438,0.12139,-0.00840
-0.17358,-0.14070,-0.12638,-0.13722,0.09357,0.10648,0.06565,-0.12378,0.08642,-0.04452
0.01565,-0.02587,0.01929,-0.10698,0.00570,-0.11896,0.01444,0.11943,0.11726,0.11510
0.03414,0.10078,-0.17239,-0.02995,-0.09978,0.14901,-0.10574,0.02181,-0.02967,-0.08348
-0.18063,0.05740,-0.16439,0.09103,-0.09820,-0.00993,0.04185,0.06046,-0.11819,0.06564
-0.04859,-0.24047,-0.20214,-0.11947,0.08705,-0.13450,-0.05475,-0.00424,0.13878,0.04423
0.10520,0.14001,0.10706,-0.16567,0.02969,-0.13991,-0.18751,0.10248,-0.08445,0.09485
-0.16243,0.06084,-0.01175,-0.19096,0.10187,0.03189,-0.21409,0.10741,-0.11118,0.02992
-0.13129,-0.11025,-0.08738,0.03947,0.01662,-0.01409,-0.24416,0.02950,-0.14163,0.05115
0.06181,0.15571,-0.19955,-0.23414,-0.04257,-0.07648,-0.06773,-0.06853,-0.14564,0.10543
-0.14331,0.12096,-0.10809,-0.07109,0.08688,0.02179,0.13654,-0.05585,0.12498,-0.15939
-0.20861,-0.02204,-0.03526,0.02782,0.11865,-0.16496,-0.09232,0.06904,0.08561,-0.08967
0.03326,0.07250,-0.11911,0.12152,-0.15918,-0.05594,-0.16674,-0.03354,0.06769,-0.10043
0.06911,-0.06986,-0.14425,0.13103,-0.12118,0.06682,0.08342,0.00758,0.10234,-0.07158
0.10896,0.13741,-0.06080,0.05994,-0.09386,-0.08763,-0.16595,-0.08703,-0.03663,0.13750
0.00757,-0.05336,0.01126,-0.16643,-0.07405,-0.01327,-0.06317,-0.00360,0.03668,-0.16103
-0.17799,-0.08626,0.08554,0.09493,-0.09824,0.09019,0.07719,0.09893,0.10978,-0.19334
-0.06230,-0.04567,0.10288,-0.00485,0.05353,-0.25859,-0.10045,0.09702,-0.03690,0.04427
-0.17649,0.15092,-0.00970,-0.10201,-0.16302,0.00204,-0.12343,0.11060,-0.14763,0.09168
-0.16327,-0.02677,0.07106,0.01689,-0.12552,0.02810,0.09491,0.10516,-0.06564,-0.13138
0.07625,0.02020,-0.12634,0.05549,-0.04672,0.16443,0.01107,-0.04768,-0.19668,-0.18413
0.06014,-0.13682,-0.01046,-0.04072,-0.18791,0.09598,0.06663,0.03739,0.09358,-0.16686
-0.22061,-0.00673,0.19750,-0.07393,-0.18023,-0.03149,-0.13523,-0.02053,0.05502,-0.04441
0.07836,0.06556,0.02315,-0.06443,-0.20447,-0.15565,-0.16445,-0.04686,0.03451,-0.03575
0.09406,-0.17235,-0.04317,0.12067,-0.10694,-0.07415,-0.06249,0.08623,0.09893,-0.08498
0.12381,0.01295,-0.04148,-0.12968,0.09820,-0.12736,-0.18959,-0.01488,0.10823,-0.02292
-0.13028,-0.12733,-0.16296,0.08270,0.06678,0.11509,-0.02767,-0.06954,0.02939,0.01999
-0.02817,-0.08257,-0.08658,0.02849,-0.00991,0.08453,0.19713,-0.15983,0.06559,0.09645
-0.05267,0.15046,-0.11082,0.01788,0.06313,0.13025,0.02766,-0.14737,-0.11964,-0.05659
-0.15155,0.11080,-0.02328,0.10308,-0.20095,0.04468,0.12327,0.06454,0.06619,-0.19330
-0.07478,-0.04139,0.07794,-0.01555,-0.14413,-0.14211,0.09370,0.04001,-0.12158,-0.21118
-0.05076,0.05262,0.10525,-0.00678,0.08323,-0.11666,-0.06984,0.09740,-0.03395,-0.07044
-0.16645,0.05750,0.04591,0.09490,-0.12845,-0.10259,-0.18843,-0.08533,0.06230,-0.06107
0.03772,-0.11506,-0.00938,-0.06075,0.10352,0.04097,-0.01704,-0.05865,-0.18044,0.13386
-0.19937,0.12138,0.12246,-0.08652,-0.15465,0.08885,-0.00848,-0.02672,0.00817,0.10343
-0.03233,0.00226,-0.09552,0.13485,-0.13734,-0.12938,-0.06058,0.00583,0.06749,-0.13905
0.10420,0.17454,0.01724,-0.09797,-0.20585,0.09348,-0.27460,0.09073,0.01033,0.09496
-0.22852,-0.26384,0.08956,0.04811,0.03218,-0.04065,0.10627,-0.01816,0.04663,0.03832
0.14464,0.03444,-0.15929,0.06891,-0.03655,-0.00138,-0.11058,-0.04313,0.02334,0.06350
-0.14314,-0.09316,0.16249,0.02995,0.01601,-0.06049,0.10560,-0.06540,-0.02809,-0.10371
-0.16920,-0.12434,0.08517,0.06867,-0.09877,-0.20703,0.08142,0.09580,-0.07589,0.03330
-0.15025,-0.14683,-0.08949,0.08756,-0.06373,0.10245,0.09660,0.11238,0.07826,-0.14243
-0.05115,0.06231,-0.07836,0.12278,-0.08745,0.09053,-0.19011,-0.13674,-0.13530,0.10046
0.14284,0.01355,-0.15316,0.00813,0.11925,-0.05141,-0.18131,0.10156,0.02105,-0.00462
0.12797,0.09163,0.04532,-0.07837,0.10468,0.11836,0.13140,-0.27658,-0.04688,0.04807
-0.00449,-0.19998,0.03273,0.02804,-0.11906,0.10038,0.12994,0.08543,-0.14089,0.09932
-0.02817,-0.09973,-0.09255,0.03123,-0.19489,0.09896,0.04005,0.10445,-0.13139,-0.11708
0.09822,-0.17225,-0.10469,0.06963,-0.08972,0.12385,0.09529,-0.01665,-0.03609,-0.08917
-0.19743,-0.02784,-0.24895,-0.01103,0.03485,-0.12122,-0.14187,-0.13923,-0.04614,0.11907
0.12390,-0.11273,-0.13685,-0.02218,-0.15170,0.02349,0.12669,-0.18070,0.06566,-0.06646
-0.10047,0.01398,-0.12350,0.14133,-0.13329,-0.13901,0.02521,0.04940,0.01888,0.08001
-0.00354,-0.16222,0.07912,-0.02323,0.05784,0.05576,-0.00216,-0.07120,0.08175,-0.09501
0.12133,0.13851,0.10130,-0.10098,-0.20905,-0.11984,-0.09279,0.09774,0.04417,-0.15015
0.08283,0.10397,-0.16589,-0.16203,0.01401,0.01587,-0.00257,-0.18824,-0.05293,0.12107
-0.25861,0.13342,0.08165,-0.10680,0.07324,-0.01560,-0.19409,0.10093,-0.00855,0.10291
-0.10398,-0.11985,-0.10000,0.00918,-0.05587,0.13109,0.12333,-0.11978,0.01012,0.12923
0.06207,0.12350,-0.19864,0.00397,0.07514,0.08999,-0.18958,0.12290,-0.06078,0.05122
-0.02174,-0.12113,-0.14357,0.09430,0.07088,-0.05005,-0.22289,0.06991,-0.08807,0.11888
-0.14278,-0.16450,-0.00810,0.09285,0.10793,-0.12661,0.11390,-0.16251,0.03154,-0.05032
-0.06046,0.11016,-0.01196,-0.06871,-0.16385,-0.00031,-0.01808,-0.00213,0.07495,-0.19624
-0.10743,0.09402,-0.29694,-0.11854,0.06391,-0.12920,-0.00934,0.03535,-0.10721,0.09011
0.15615,-0.11382,-0.09713,0.10024,-0.14219,-0.04015,-0.15831,0.09522,-0.00597,-0.00357
0.14444,0.06888,-0.01382,-0.08701,-0.22790,0.06948,0.11194,-0.10187,0.00577,0.04803
-0.00137,-0.05108,-0.04082,0.07421,0.11870,-0.14227,-0.20059,0.07282,-0.05629,-0.03514
-0.03352,-0.13314,-0.11309,-0.07043,-0.02786,-0.18557,-0.12935,-0.09703,0.13967,0.10507
-0.07947,-0.09443,0.11191,0.08604,0.08033,0.14794,0.10121,0.00062,-0.17795,-0.09891
0.02594,-0.14129,-0.08880,0.11435,-0.13155,-0.13973,-0.06826,-0.10685,0.15118,-0.11780
0.06418,0.03330,0.05863,0.10204,-0.07916,0.15958,-0.15688,-0.07561,-0.10366,-0.10086
-0.02106,0.09293,0.03958,-0.09513,-0.00208,0.05571,0.12279,-0.08530,-0.00717,-0.15567
-0.10985,0.10255,-0.09065,0.07434,-0.16116,-0.08689,-0.19432,-0.04082,-0.06313,-0.12211
-0.06845,-0.19577,-0.03211,-0.05176,0.12532,0.02019,-0.07404,-0.17829,-0.11326,-0.05948
0.06697,-0.02452,-0.00785,-0.02120,-0.25599,0.07688,-0.11912,-0.03500,-0.19962,-0.08967
0.02636,0.02416,-0.03327,0.00828,-0.13269,0.00225,0.03679,0.09089,0.07927,-0.18268
0.14127,0.01332,0.05631,-0.12619,-0.03272,-0.06169,0.12181,-0.24680,0.01745,-0.01166
-0.11389,0.05337,0.12759,-0.07001,-0.14204,-0.14388,0.15914,0.16258,-0.03181,-0.01679
-0.09676,-0.13996,-0.08770,0.02753,-0.07033,0.17982,0.09105,0.13332,-0.13581,-0.11272
0.10294,0.09626,-0.03631,-0.11952,0.06460,-0.11030,-0.15004,-0.03863,0.08666,0.01380
0.04795,0.05178,-0.19757,-0.11602,0.10957,-0.04149,0.15446,0.03141,-0.07588,-0.00355
0.21064,-0.07199,-0.06432,-0.11735,0.01971,-0.16233,-0.18149,-0.22867,-0.02832,-0.11068
0.00346,0.05084,-0.19194,0.09257,-0.20160,0.09828,0.11694,-0.07495,-0.09569,-0.10686
-0.19261,-0.03518,-0.18297,-0.01587,0.13596,-0.01269,0.08275,-0.17462,0.12594,0.08256
0.12249,0.12119,-0.11876,-0.09632,0.13907,0.02011,0.04172,0.10844,-0.14211,-0.11014
-0.01553,0.03338,-0.11906,0.09646,-0.01576,-0.14563,-0.24966,-0.00770,-0.11297,-0.09186
0.08412,-0.15509,0.03081,-0.10755,-0.10673,0.06949,-0.05959,0.08480,-0.12403,0.03062
-0.19468,0.02439,0.04304,-0.10835,-0.19899,0.09983,0.07737,-0.07136,0.11589,0.04807
0.12644,0.08717,0.04712,0.10751,0.07528,-0.04117,-0.08475,-0.20332,0.08764,-0.03949
-0.15251,-0.00100,0.15258,-0.03789,-0.11528,-0.07200,0.04203,-0.09391,0.07228,-0.13612
0.13561,0.05715,0.00180,0.08516,-0.11644,0.01194,0.16189,0.16292,-0.00147,-0.06167
0.14599,0.09446,0.06520,-0.06775,-0.05608,-0.18111,0.08744,-0.04940,-0.14976,0.04281
-0.18209,0.11511,-0.18404,0.06518,-0.00865,0.06262,0.09986,-0.14155,0.04268,0.03267
0.10063,0.05334,-0.01800,0.12981,-0.08060,0.15346,-0.09666,0.06380,-0.15115,0.06823
-0.10865,-0.10032,-0.06570,0.06592,0.09128,0.07098,-0.22448,0.06053,0.01808,-0.02242
-0.15274,0.13094,0.11084,0.04609,0.05465,-0.15677,0.02332,-0.06907,-0.02697,-0.12853
0.10092,-0.28952,-0.06011,0.00098,0.07076,0.02648,-0.00486,-0.12056,-0.07003,0.09899
-0.07468,-0.16838,-0.05796,0.12939,0.12349,-0.07069,0.12263,0.05665,0.02924,-0.12386
-0.15605,0.07072,-0.00438,0.03997,-0.02337,-0.16071,0.10443,0.03160,-0.04547,-0.14743
-0.13542,0.10084,0.13573,-0.16235,-0.12190,-0.04171,0.08477,0.10955,-0.08738,-0.02051
0.10103,0.05351,0.09340,0.04506,-0.06189,-0.11501,0.06149,0.02919,-0.08930,-0.14630
-0.06923,0.02253,-0.00752,-0.15139,0.11189,0.08808,0.05859,-0.17943,0.03837,-0.11506
0.13726,-0.04504,-0.01222,0.05767,0.10271,-0.10069,0.04631,0.17147,-0.17035,-0.01844
0.03935,0.06083,0.00898,-0.08784,0.04660,0.04630,-0.05659,0.05073,-0.11949,-0.14575
0.03045,0.07216,0.11549,-0.15533,0.01834,-0.11729,0.06177,0.05492,-0.13692,0.03829
-0.12643,0.07912,0.08546,-0.12649,-0.10112,-0.15845,-0.05454,0.05874,-0.07053,0.01602
0.10143,-0.16498,-0.04576,-0.12177,-0.11444,-0.04335,-0.08842,-0.11394,0.03197,0.06625
-0.17694,0.04919,-0.11601,-0.21694,-0.10466,-0.09447,-0.06947,0.09621,0.13823,-0.02447
0.12637,0.05752,-0.08939,0.03526,0.11337,-0.10720,-0.02908,-0.13821,-0.03926,0.07330
0.11823,-0.15617,0.00563,0.13337,0.03251,0.07871,0.11358,-0.09180,-0.09344,0.06543
0.15267,-0.05373,0.09301,-0.16669,-0.08359,-0.15473,0.12551,-0.11800,0.00336,0.10917
0.12289,0.12087,0.06736,-0.00173,-0.01428,0.02791,-0.02806,0.03250,-0.18353,-0.14763
0.13822,-0.20343,0.02620,-0.01994,-0.05265,-0.10971,-0.16525,0.07100,0.04412,-0.02922
0.03084,-0.18366,0.00342,-0.07783,-0.08150,0.09182,0.11760,0.16027,-0.08966,-0.14068
-0.06200,0.18516,-0.10006,-0.20253,0.18246,-0.17560,-0.07923,-0.01006,0.05153,-0.18447
-0.21445,-0.14983,0.01606,0.03113,-0.10123,0.08608,-0.12846,0.07687,-0.04339,0.10896
0.07564,-0.02787,-0.14232,0.10635,0.11250,0.05025,0.08636,-0.13179,0.09312,-0.00687
0.12027,0.11911,0.09421,-0.16062,-0.02017,0.01980,-0.04081,-0.05951,0.03720,0.07825
0.07067,0.09699,-0.19258,0.03838,0.09488,-0.00317,-0.00430,-0.03594,-0.13179,0.09816
-0.17603,0.00005,-0.00661,-0.09470,-0.12756,-0.22704,-0.11355,0.08305,-0.10056,0.10148
-0.19284,0.11244,-0.14432,-0.00129,0.00949,0.00069,-0.16573,0.07504,0.09116,-0.11479
-0.02514,0.02878,-0.12044,-0.13033,0.13340,-0.11977,0.09000,-0.04988,0.07700,0.09868
-0.02779,0.13120,-0.14452,0.05533,0.12269,0.07044,-0.02690,-0.04515,0.13816,-0.00123
0.11607,-0.17411,0.01472,0.08941,-0.05977,-0.06352,-0.19106,-0.15008,-0.02566,0.03247
0.05393,0.07850,-0.02870,-0.20534,0.10509,-0.10721,0.11485,-0.05761,0.09285,0.06638
-0.10017,-0.01527,0.05307,-0.07455,0.07856,-0.03904,-0.18736,-0.02534,-0.16863,0.06771
-0.00292,-0.18516,-0.08694,-0.02321,0.02249,0.00972,-0.09850,-0.06225,0.12326,0.03541
-0.11698,0.09721,0.17729,-0.04613,0.07868,-0.05067,-0.15572,-0.05629,-0.03158,0.10234
-0.13854,0.00936,0.11518,0.10230,-0.02383,-0.16371,0.01588,0.04569,-0.04491,0.04287
0.10477,-0.11946,-0.08441,0.00820,0.02443,-0.11272,-0.20538,0.11010,-0.07189,0.13234
0.16532,-0.15643,0.16468,-0.01316,-0.05557,-0.16564,-0.11598,0.02290,0.08011,0.04668
0.09983,-0.04842,-0.08003,-0.01633,-0.01560,0.08480,-0.04434,0.03400,0.07858,-0.13940
0.07599,-0.15955,0.00487,-0.11819,-0.15219,0.11743,-0.00105,0.02279,0.05989,0.05773
-0.03311,-0.00918,-0.15538,0.00458,-0.07244,-0.06746,0.13022,-0.11209,0.10950,-0.03325
0.06543,0.21418,-0.00005,-0.01148,0.04660,0.01376,0.00036,0.03707,-0.13678,-0.11712
-0.03483,-0.07283,-0.08613,0.00778,-0.13877,-0.16502,-0.11617,0.04244,0.09748,-0.05287
-0.00045,-0.16051,0.02586,-0.03981,0.12799,0.03353,0.13512,0.15431,-0.02032,-0.13658
0.12737,-0.09691,-0.16472,-0.03246,-0.01926,0.12841,0.08057,0.08677,-0.12030,-0.05541
0.11103,-0.15415,0.06280,0.07995,-0.18758,-0.06339,-0.13871,-0.19552,0.03282,-0.06707
-0.18281,-0.08080,0.04205,0.13897,-0.12700,0.01459,-0.02333,0.10088,-0.11681,0.06707
-0.13712,-0.17813,0.04090,0.04476,0.01843,-0.18266,-0.24115,0.05450,0.12391,0.06826
-0.18824,0.04345,0.08480,-0.04967,-0.15774,-0.04999,0.02426,0.07858,-0.12034,-0.18552
-0.02771,-0.03331,-0.02654,-0.16644,-0.11465,0.08488,0.15882,0.09683,-0.16574,0.08903
-0.07022,-0.23650,-0.13481,-0.09533,0.10166,0.04844,0.08871,-0.15553,-0.06865,0.03944
0.07974,-0.06712,-0.14993,0.08211,0.03288,-0.19950,0.02167,0.12601,0.06643,0.01952
0.12540,0.06823,-0.10183,-0.08001,0.01569,0.02347,0.15617,-0.18831,0.06646,-0.10326
0.15359,-0.07727,-0.15097,-0.10577,0.04154,-0.09488,-0.02649,0.13150,-0.04087,0.08912
0.15078,-0.00038,-0.10421,-0.18200,-0.08297,0.05349,-0.07939,-0.02416,-0.00880,0.09476
-0.11875,0.09473,-0.16195,0.02275,0.11018,-0.01210,-0.20832,-0.14002,-0.08402,-0.01228
0.01887,0.00883,0.10859,-0.07627,-0.02713,-0.05328,0.08012,-0.07660,-0.13678,0.08680
-0.02597,-0.10249,-0.14450,0.10822,0.04034,-0.14668,0.06521,-0.12944,-0.05671,0.13156
-0.10514,0.04882,0.09153,-0.04000,-0.03692,-0.11447,-0.20506,0.04997,-0.17189,0.10249
0.08125,-0.10541,0.08690,-0.09495,0.01340,-0.00037,0.14341,-0.16662,0.07236,-0.08030
-0.05454,0.03010,0.09399,-0.05680,-0.08087,0.10944,-0.17354,0.08492,-0.13676,0.10036
0.05357,0.13792,0.05127,0.08525,-0.16165,0.12194,-0.10115,-0.08517,-0.11604,-0.00028
0.05014,-0.09195,-0.14290,-0.14863,0.13949,-0.01759,0.11562,-0.14446,-0.01576,-0.12082
-0.11441,0.08767,0.06562,-0.12937,0.10672,-0.05888,-0.13226,-0.04841,-0.14477,-0.04621
0.11230,0.03223,0.12637,-0.04800,-0.00894,-0.14940,-0.20477,0.13508,0.00681,0.11055
0.05210,-0.02302,-0.16102,0.06425,-0.17394,0.03992,0.13961,-0.14477,0.08461,-0.15170
0.13304,0.09097,-0.03478,-0.13653,0.03054,-0.15689,0.05393,0.11452,0.00232,-0.16414
0.00535,-0.08338,0.08706,0.00362,0.12687,-0.11165,-0.17040,-0.09388,-0.02352,0.00056
0.09485,-0.10618,-0.02149,0.10924,0.12522,-0.06940,-0.01779,-0.23824,-0.18161,0.06367
-0.12792,0.03601,-0.02760,0.04751,-0.13573,0.13818,0.04765,-0.13929,-0.04006,0.16478
-0.01588,0.09029,-0.01997,-0.14270,0.13162,0.01912,-0.15713,0.15070,0.03304,-0.07984
-0.19122,-0.07216,0.01944,0.06752,-0.08683,-0.03242,-0.24189,0.00220,0.11722,-0.01916
-0.25872,0.12795,0.14025,-0.15046,0.05710,0.09788,-0.14130,0.12573,0.09648,0.00639
-0.23982,0.12742,-0.14636,-0.13391,-0.13641,0.07437,-0.19928,0.09011,-0.00043,0.01712
-0.14471,0.02793,0.12565,0.13368,-0.00539,-0.01944,-0.06706,0.12183,0.09418,-0.12740
0.07837,0.04700,-0.08157,0.13177,-0.16013,0.11170,-0.03626,-0.02254,-0.14831,-0.05309
-0.00931,-0.01146,0.15187,0.00968,0.01956,0.02129,-0.03525,-0.15962,-0.09960,0.11155
-0.14800,-0.03073,0.12746,-0.18646,0.13845,-0.19540,-0.02979,-0.02533,-0.18542,0.05142
-0.09931,0.05083,0.12607,-0.12261,-0.00579,-0.13847,0.05635,-0.20230,-0.05284,-0.02345
-0.08042,-0.00050,-0.08179,0.06818,-0.12407,0.05215,-0.08898,-0.13284,0.11969,0.11609
0.08866,0.15835,0.06897,-0.14427,-0.12048,-0.09557,-0.03883,0.13116,-0.03009,-0.18340
0.03304,-0.17961,-0.06639,-0.00906,-0.09765,-0.09530,-0.16183,-0.01050,0.08709,-0.04195
-0.15133,0.09949,-0.22608,0.02338,0.08329,0.12331,-0.05658,-0.08482,0.00603,0.13224
0.01539,-0.20926,-0.02836,-0.11931,0.04710,-0.14007,-0.12196,0.01036,0.14434,-0.09384
-0.04304,0.04585,0.04746,0.06757,0.15524,0.10089,0.10287,-0.15990,-0.05697,-0.11416
-0.02791,0.01327,0.09603,-0.04270,0.05092,0.07249,-0.16813,-0.05276,0.09181,0.09001
-0.22058,-0.20384,-0.13055,-0.01790,0.02154,-0.03681,0.14535,0.04847,0.11716,0.11357
0.04100,-0.02759,0.08704,0.12608,0.05726,0.03777,-0.21925,-0.02370,-0.12411,0.06424
-0.21514,-0.14878,0.01272,-0.10266,0.01448,0.16906,-0.11493,0.13230,0.06412,-0.08397
0.09476,0.08955,0.09602,-0.05815,0.11983,-0.13114,0.05328,0.11161,0.06334,-0.15866
-0.10872,-0.10776,0.04494,0.12519,-0.05724,0.05911,-0.02063,-0.19607,-0.11577,-0.11983
-0.24195,0.03138,0.08822,0.01312,0.10154,-0.09508,-0.22898,-0.00987,-0.18703,0.01359
0.04567,0.03772,-0.08636,-0.12841,-0.10935,-0.04374,0.09746,-0.20712,-0.12666,-0.06913
-0.13521,0.20228,-0.11470,-0.04611,-0.10825,-0.16481,-0.06581,0.08407,-0.18346,-0.01255
-0.17031,-0.05646,-0.04337,0.07223,0.06444,0.13610,0.02781,0.12373,0.07328,-0.02494
0.16711,-0.17406,-0.03263,-0.13033,-0.01637,-0.11092,0.16881,-0.06287,-0.08229,-0.04978
0.07826,0.01519,-0.20587,-0.10895,-0.01991,0.10943,0.01438,-0.18415,0.09181,0.07159
-0.02576,-0.07075,-0.05131,-0.16735,-0.10974,-0.06272,0.09058,-0.16321,0.05731,-0.00593
0.07427,-0.10350,0.01874,0.07156,-0.15157,0.13616,0.03221,-0.10111,-0.08422,0.08113
-0.17487,0.09839,-0.04661,0.02188,0.02952,0.15991,-0.17260,-0.08632,-0.14911,-0.10748
-0.28499,0.09048,0.03562,0.07028,0.08220,0.06831,-0.24100,-0.20582,-0.01631,-0.07163
-0.05065,-0.23552,-0.20914,-0.12296,0.07902,-0.08562,-0.10457,-0.14498,0.14856,-0.00216
0.04924,-0.08667,0.14855,0.04897,-0.13226,-0.13158,0.01795,-0.13769,0.09476,-0.20579
0.14368,-0.08261,0.11084,-0.05328,-0.03535,-0.16320,0.10835,-0.23515,-0.07077,0.02513
-0.27003,0.11149,-0.18826,-0.18306,-0.10665,0.03183,0.11929,-0.04057,-0.01529,0.11425
-0.23365,0.12853,-0.09344,0.02010,0.01228,0.14274,-0.11485,0.08997,-0.00590,-0.14079
0.06807,-0.15945,-0.20926,-0.09873,0.07492,0.01121,0.02753,0.02871,0.06475,0.07412
-0.16030,0.10528,-0.19801,-0.04799,0.04581,0.13780,0.00454,-0.06104,-0.09115,0.03074
0.08081,0.11301,0.11228,-0.12824,-0.06841,-0.02694,-0.11523,-0.11886,0.08313,0.09211
0.07479,-0.10399,-0.16343,-0.17097,0.11553,-0.07935,0.01319,-0.04750,-0.12579,-0.04232
-0.18487,0.08699,0.02913,0.11868,0.08285,0.04376,0.03665,0.10725,-0.00908,-0.03696
0.09069,0.10513,-0.03604,0.07604,-0.22089,0.10525,-0.12421,-0.11384,-0.05918,-0.14306
0.15604,-0.25576,-0.14880,0.08844,-0.09596,-0.09200,0.06891,0.01407,-0.15128,-0.05482
0.12133,0.11691,-0.07308,-0.20846,0.04629,0.08034,-0.13561,0.07910,0.07113,-0.02707
-0.00906,0.00396,-0.19605,-0.13340,-0.00186,0.14584,0.05381,-0.11216,-0.02760,-0.03807
-0.00468,-0.22522,0.00368,-0.15065,0.01343,-0.11904,0.12569,-0.11084,-0.09520,0.12250
-0.10533,0.17574,0.02181,-0.19715,0.06773,-0.15260,-0.08152,0.07283,-0.12947,0.10360
-0.15480,0.00179,-0.02762,-0.17116,-0.07621,0.01363,0.11659,-0.04380,0.11323,-0.06994
0.03581,0.04126,0.11333,0.13478,-0.01748,-0.12465,-0.23243,-0.05564,-0.13921,0.05973
-0.00781,0.03095,-0.11949,0.08346,-0.09564,-0.11487,-0.24252,0.09173,-0.05104,0.09469
-0.16019,-0.07029,-0.17824,0.04772,0.12709,-0.15275,0.06629,0.07657,0.03202,-0.04693
0.07761,0.09437,0.08147,0.09942,0.14308,-0.05761,0.07288,-0.06898,-0.20116,0.05575
0.15218,-0.15280,0.09686,0.05161,0.03626,-0.03317,-0.09847,-0.00181,0.00959,-0.13311
-0.02559,-0.18089,-0.09474,-0.05048,-0.14885,0.11729,-0.14385,0.07372,-0.02743,-0.04318
-0.12342,0.13670,-0.11791,-0.11651,0.13691,-0.25310,0.03114,0.08493,-0.15686,0.07406
0.09647,0.08560,-0.27822,0.04774,0.06588,0.05254,0.10303,0.05874,-0.04121,0.05689
-0.02505,0.06485,-0.08400,-0.08945,-0.06757,0.04589,-0.17094,0.09944,0.08577,0.06370
-0.15517,-0.07854,0.12939,-0.17606,0.11738,-0.12933,0.00739,-0.10655,0.10096,-0.07397
0.08195,-0.13095,-0.12896,-0.05289,-0.03415,0.12529,-0.12207,-0.03009,-0.05955,0.08049
0.06578,-0.03273,-0.05347,0.06192,0.06905,-0.19010,-0.21701,0.12507,0.04228,0.05341
-0.08529,0.03083,0.00549,0.04143,-0.19286,0.11491,0.15650,-0.03275,-0.08396,-0.08720
-0.02633,0.13027,-0.02097,-0.06340,-0.02902,-0.08811,-0.02773,0.07958,0.13597,0.00243
-0.21381,-0.17354,0.08466,0.12868,-0.13394,0.00806,0.09158,0.09476,0.09221,-0.04065
-0.12314,-0.08859,-0.02604,-0.17405,0.16547,-0.02957,-0.11988,0.07551,0.01867,0.06391
-0.11065,-0.09483,-0.08294,-0.12154,0.14463,0.08238,-0.14954,0.05362,-0.01837,-0.13315
0.13011,0.15077,-0.10161,-0.16901,0.11485,-0.05557,-0.09509,-0.11467,0.12955,-0.13983
0.06879,-0.06896,0.02098,0.12698,-0.20802,0.06242,-0.06211,-0.05840,-0.05817,-0.08834
0.04131,0.03465,0.02125,-0.04043,-0.17080,0.12874,0.02026,0.04217,-0.00808,-0.09736
-0.01567,0.14298,-0.13097,0.12003,0.04957,-0.16297,-0.06299,-0.05629,-0.02399,0.09249
-0.02609,-0.16574,0.07887,-0.04937,0.07020,0.13185,-0.09428,0.04531,0.09201,-0.09889
-0.03100,-0.05388,0.06341,0.08962,-0.07869,-0.17143,0.07203,-0.04903,-0.05598,-0.09712
-0.16149,0.11458,-0.19500,0.00502,-0.05332,-0.08579,-0.26485,0.13524,-0.08713,0.05411
-0.14763,-0.03859,-0.00769,-0.10181,0.10934,0.00192,0.00863,-0.19019,-0.03966,0.08275
-0.18553,0.08611,-0.00126,0.11077,0.00484,-0.13820,-0.16748,0.04898,0.07750,0.04909
-0.10836,-0.07046,0.07292,0.11115,-0.04845,-0.11085,0.09889,-0.12066,-0.08107,-0.15602
0.14972,0.10082,0.12510,-0.00933,0.11651,-0.17386,0.07043,-0.21770,0.07980,-0.12896
0.08441,0.15319,-0.21077,0.04772,-0.00584,0.08348,0.12685,0.14765,-0.16659,-0.06952
0.10451,-0.17753,0.05954,0.11077,-0.04595,0.12211,0.04405,-0.04474,0.04561,-0.01147
0.14226,-0.09570,-0.16967,0.05253,0.12833,-0.03430,0.05463,0.00208,0.08089,0.02499
-0.27785,0.06962,-0.21283,0.12237,-0.01561,0.06341,-0.03910,0.02142,0.08578,0.05688
-0.15578,0.05083,0.10049,-0.09258,-0.07870,0.11425,0.10162,-0.07099,-0.07834,0.08735
-0.12462,0.10604,-0.13275,0.15807,0.10436,-0.17145,0.15469,0.04020,-0.11774,-0.17442
-0.14750,0.00965,-0.20838,-0.10533,0.08537,-0.15798,-0.04409,0.06139,0.06311,0.08630
-0.12696,0.05389,-0.12647,-0.24259,0.13137,-0.07493,0.08477,0.16974,0.10263,0.00301
0.01770,-0.02976,0.02145,-0.01680,0.04328,0.05557,-0.10459,-0.17566,0.08531,-0.00073
0.01306,0.03487,-0.01789,-0.18257,-0.03236,-0.13898,0.12651,0.07649,-0.14605,-0.02273
-0.06195,0.02961,-0.07780,-0.14468,0.00656,0.11722,0.06682,0.02676,0.11296,0.13898
-0.05673,-0.09163,-0.09318,-0.14266,0.11795,-0.05029,0.03525,-0.12354,0.04249,0.06668
0.05648,-0.08704,0.10483,-0.00815,-0.10039,-0.01551,0.13725,0.05476,0.01800,-0.14649
0.05098,-0.11237,0.18814,-0.05570,0.04526,0.12513,0.08759,-0.10113,-0.15255,-0.15147
-0.05318,-0.08427,0.01047,0.01991,-0.01690,0.09543,-0.12649,-0.17722,0.08662,0.02382
0.11870,-0.30583,-0.06852,-0.19627,0.07155,0.12557,-0.09162,-0.03075,-0.06456,-0.02427
0.15251,-0.06890,0.02969,0.09654,-0.17749,-0.01529,-0.18266,0.07723,-0.02920,0.06333
-0.06443,-0.02390,0.09675,-0.17185,0.09201,-0.00711,-0.13175,0.17131,-0.06402,-0.15689
-0.16703,-0.00511,0.12688,0.09946,0.10190,0.05713,-0.21573,-0.08436,0.05255,-0.12266
0.03836,-0.02867,0.00118,0.00416,0.07779,-0.01901,-0.11099,-0.05444,-0.18233,0.12654
-0.07606,-0.14719,-0.12877,0.10563,-0.08089,0.08585,-0.24388,0.08344,0.08508,0.07309
-0.13130,0.00981,0.03204,0.07999,0.06576,-0.09155,0.02371,-0.10860,-0.17848,0.12625
-0.16694,-0.08923,0.09579,0.10241,-0.12344,0.05356,-0.22413,0.10089,-0.10255,0.03204
0.10162,-0.17935,0.02859,0.03946,0.09895,-0.07591,0.05000,-0.20999,0.08354,0.06786
-0.10564,-0.18912,0.11680,0.05310,-0.13114,-0.15999,-0.22670,0.05654,-0.01818,-0.04545
0.10510,0.01028,0.16384,-0.10168,0.04533,-0.04464,-0.18308,0.06639,0.02403,-0.07068
-0.00326,0.02231,-0.08900,0.10701,0.05552,-0.13193,0.04878,-0.09296,0.08825,-0.00042
0.11687,-0.01675,-0.10536,-0.12137,-0.09944,0.07323,0.04150,-0.20175,0.09627,0.00755
-0.01452,-0.15349,0.17399,-0.04855,0.14635,-0.00090,-0.05525,-0.03533,-0.19112,-0.00833
-0.03429,-0.17604,0.03320,0.05128,0.00575,-0.02472,-0.00845,-0.18522,0.12220,0.08336
-0.20445,0.00909,-0.21833,0.03197,-0.07430,0.11704,-0.01454,-0.21810,-0.10587,-0.04562
0.17035,0.03462,-0.00829,-0.14815,-0.18827,0.03267,-0.06699,0.07279,0.08808,-0.12079
0.04979,0.01380,0.09636,0.03398,-0.14235,-0.13180,0.05287,0.01868,-0.14044,0.06770
0.12829,-0.11469,0.14894,0.06134,0.05090,0.07193,0.07103,-0.07678,-0.01312,0.07235
-0.13596,-0.16357,-0.09946,-0.13560,0.09113,0.04979,-0.16122,0.13357,-0.13381,0.09819
-0.16163,-0.16187,0.00005,-0.11162,0.01175,-0.10433,-0.10700,-0.07681,-0.02186,0.14084
0.03070,0.08402,-0.01564,-0.15358,0.03283,-0.20536,0.08535,0.10746,-0.04113,0.00911
0.08550,-0.11039,-0.08171,0.11754,-0.13308,-0.13781,0.09538,-0.00189,0.04100,-0.03932
-0.20798,0.00503,-0.06300,0.07599,0.09821,-0.01147,-0.06670,-0.09520,-0.11022,0.02046
-0.06165,0.09184,-0.09644,-0.07599,0.04451,0.07623,0.15557,0.13686,0.05941,0.00366
-0.10120,-0.05004,0.05427,0.13924,0.07056,-0.09211,-0.05839,0.02477,-0.03676,-0.08287
-0.15209,-0.16976,0.09055,-0.11935,-0.17722,0.17522,0.09857,0.04599,-0.07102,0.02835
0.10815,0.12027,0.09871,-0.15263,-0.07268,-0.01778,-0.17394,0.08667,-0.05784,-0.06976
-0.16813,-0.11940,-0.05058,0.10043,-0.11296,0.09200,0.07346,0.03340,0.04421,0.08496
0.03424,-0.25959,-0.14954,-0.11107,0.03444,0.05822,-0.00982,-0.14669,0.12824,-0.06661
0.12865,0.01355,0.09687,-0.15404,0.07029,-0.14401,0.08352,-0.14695,-0.12072,0.10710
0.07934,0.08607,-0.04445,0.06335,0.12704,-0.05100,0.01020,0.13918,-0.09686,-0.13236
0.16594,-0.02969,0.09527,-0.11414,-0.05413,-0.10421,0.14065,-0.12427,-0.18286,-0.12811
0.12636,0.13323,-0.16536,-0.20025,-0.10987,-0.06949,0.16508,-0.14413,0.03561,-0.05506
0.03086,-0.14356,-0.19924,0.12474,0.00062,0.03262,-0.18178,-0.10531,-0.00046,0.11293
-0.05273,-0.11130,0.10396,0.06132,-0.10936,0.10280,-0.23076,0.07169,0.08314,0.04463
-0.20138,0.08127,0.04037,0.05166,-0.07514,0.10137,-0.06874,-0.04153,0.08495,-0.02699
0.04408,-0.20885,-0.11525,0.00034,0.05166,-0.22940,0.01834,0.00267,0.11894,0.00054
-0.17141,0.13807,0.02312,0.08533,-0.06021,0.13555,0.04484,0.08493,-0.01828,0.10967
-0.00182,0.07668,0.06936,0.03994,-0.05667,-0.13895,0.12652,-0.00936,0.06429,0.09071
-0.07600,-0.08615,-0.20394,0.12855,0.01317,-0.01787,-0.01405,0.03838,0.07137,-0.00576
0.07793,-0.09206,0.14181,0.08451,0.06101,-0.05150,0.12174,0.06547,0.01365,0.03990
0.13785,-0.09909,-0.11152,0.10849,-0.10840,-0.09194,-0.16781,0.10221,0.07604,0.08556
-0.09318,-0.05548,-0.05946,0.02250,0.04602,-0.00016,-0.17756,-0.02505,0.02250,0.08519
-0.27050,-0.05146,-0.15677,-0.07100,-0.14822,0.07890,-0.12078,0.08589,-0.04421,0.07475
-0.00838,0.05283,-0.19533,-0.07705,0.07647,-0.16754,-0.15128,0.12226,-0.07349,0.09704
0.09207,0.07950,0.06328,-0.04352,0.12095,-0.09659,0.09904,-0.13969,0.10539,-0.11923
-0.22139,-0.01005,-0.11379,0.08007,0.07629,0.04364,-0.03455,0.03660,-0.14161,0.11764
-0.20766,0.00733,0.09647,0.04948,-0.02038,0.02945,-0.17420,-0.19038,0.07362,-0.09381
-0.01465,0.10696,-0.20191,-0.11571,0.05157,-0.18785,-0.14778,0.13199,-0.12967,0.11699
0.04155,-0.10905,-0.06064,-0.16169,0.11377,0.04059,0.08725,0.09376,-0.20238,0.03939
0.03046,0.11213,0.01004,-0.00864,0.06511,-0.04331,-0.17568,-0.16838,0.09644,0.09801
0.03404,0.01384,0.14518,0.06551,-0.11152,-0.05749,-0.22018,-0.07910,-0.09597,0.08981
-0.03183,-0.05846,0.10786,-0.00387,-0.09265,-0.14291,-0.04142,-0.04861,0.10558,0.13579
0.08026,0.04783,-0.19997,0.06850,0.05348,0.12449,-0.14131,0.11892,0.02161,-0.11853
-0.16507,-0.05822,0.07030,-0.09820,0.11731,-0.12792,-0.26850,-0.02825,-0.00642,0.11767
0.09056,0.04854,-0.11730,0.03747,-0.05699,-0.01543,0.01987,-0.15202,-0.16189,-0.01425
0.06944,0.09473,0.00572,-0.02584,-0.08686,0.12885,0.10041,-0.21022,-0.03484,-0.02328
-0.14458,0.13306,0.06533,-0.13126,0.08799,-0.14583,-0.28043,0.12094,0.00586,0.05720
-0.06016,0.10467,-0.00577,0.12455,-0.04945,-0.23463,0.16037,0.05810,0.02814,-0.07903
0.07859,-0.13614,0.11111,0.01328,-0.12614,0.10914,0.06592,0.07662,0.10951,-0.16905
0.00543,-0.09810,-0.13240,-0.09794,-0.15696,-0.00884,0.12953,-0.23194,-0.00896,-0.13812
-0.01584,0.09438,0.11359,0.01390,0.05713,-0.09453,-0.04541,0.02362,0.11113,-0.13673
-0.05028,-0.11711,0.03055,0.09747,-0.04985,0.11882,-0.04220,-0.13284,0.04078,-0.11979
0.13830,0.03558,-0.10988,0.10624,-0.00486,-0.13289,-0.15657,-0.02482,-0.14895,-0.00256
0.04577,-0.05002,-0.01885,-0.00743,0.07760,0.03881,-0.09245,0.00103,-0.06013,0.11382
-0.05952,-0.18575,-0.07184,0.10512,0.12363,0.02678,-0.10238,-0.03160,-0.13919,-0.06041
0.14358,-0.12274,-0.04369,0.07384,-0.14344,0.06705,0.04289,0.05407,0.05805,-0.03587
-0.00658,0.09287,-0.06819,0.13116,-0.04387,-0.13221,-0.12450,0.05978,0.12666,-0.09000
-0.05087,-0.09235,0.10590,-0.08121,-0.20137,0.11519,0.02714,0.09612,-0.06254,0.01109
-0.09312,0.03701,-0.02365,0.04637,0.09943,-0.17493,-0.06763,0.08903,-0.12816,0.09400
0.09672,-0.01689,0.13075,-0.08388,-0.13508,-0.18580,0.06865,0.10564,0.12279,0.08721
-0.09937,0.02399,-0.24918,-0.01870,-0.04788,0.13806,-0.03939,-0.04221,0.03129,0.07905
0.14089,-0.13543,0.02367,0.08832,-0.00123,-0.18504,-0.01919,0.12504,0.01545,-0.06429
0.16925,-0.26293,-0.02667,0.10215,0.02713,-0.19070,-0.00877,0.15831,-0.17297,-0.08394
-0.00015,0.08125,-0.12593,0.07825,-0.11854,-0.12157,0.16169,0.14653,0.10584,0.00260
0.07319,-0.21909,0.02836,0.04500,-0.07203,-0.16803,-0.11833,0.00652,0.01714,0.03388
0.14851,0.11269,-0.06237,-0.10988,-0.06768,-0.08775,0.09406,-0.15391,0.01954,0.12171
-0.01220,0.08593,0.00451,-0.06095,-0.11006,0.09097,0.11203,-0.00215,0.07857,-0.20080
0.07773,-0.27247,-0.06735,-0.07817,-0.14610,0.10233,-0.06113,-0.01168,0.07803,0.12068
-0.26499,0.00248,-0.15299,0.03067,-0.15035,-0.00022,-0.10359,-0.00108,-0.01834,-0.14029
0.13171,-0.03615,0.02665,0.02899,-0.09880,0.05152,-0.14871,0.11195,-0.10090,0.07337
0.03765,0.13936,0.00007,0.01908,0.14132,0.11510,-0.05008,0.07146,-0.02470,-0.07486
0.09386,-0.07461,0.15426,-0.09305,-0.09103,-0.11870,-0.00041,-0.06728,0.06313,-0.16729
0.10932,-0.09295,0.08059,-0.12000,-0.03492,-0.05482,-0.08049,0.04443,0.03772,-0.16878
0.04530,-0.02438,-0.05143,0.12152,0.12130,0.09356,-0.17808,-0.12238,0.03066,-0.03849
-0.02969,-0.12238,0.10134,-0.06291,-0.07181,-0.10365,-0.17207,0.13602,0.09482,0.08684
-0.04087,0.01786,0.00560,-0.07490,0.07180,0.11943,0.10629,-0.09411,0.08725,-0.10630
-0.12830,0.08324,0.09597,-0.10628,0.06594,0.01701,0.00277,-0.08391,-0.16196,-0.09625
-0.22707,-0.00449,0.00789,-0.11262,0.11987,-0.07226,-0.09935,-0.04584,0.11821,-0.16349
-0.16146,-0.22040,0.00293,-0.01216,-0.09452,0.12415,-0.08027,-0.00499,0.10723,0.07380
0.05824,0.03623,0.12817,0.01347,-0.21112,-0.17275,-0.16185,0.04945,0.13115,-0.05354
-0.09829,-0.13427,0.03631,0.14127,-0.05673,-0.09859,0.09709,0.14416,0.09001,-0.17005
-0.02339,0.02374,0.02970,-0.11672,-0.03325,0.04180,-0.25269,0.11216,0.03048,0.09382
-0.21302,0.11995,-0.01737,-0.08617,-0.12210,0.11821,0.01555,-0.21743,0.04702,0.08792
0.07673,0.12859,-0.13057,-0.13661,-0.03744,0.12567,-0.00289,0.02135,0.00941,-0.13582
-0.19917,0.15966,0.06146,-0.16227,0.09346,-0.11266,-0.11926,0.03845,-0.09420,0.02383
0.06898,-0.02882,0.06072,-0.03898,-0.11115,-0.00701,-0.08613,0.04896,-0.17711,-0.13347
-0.17599,0.08242,0.04424,0.04628,-0.13808,-0.07621,0.08842,-0.01893,-0.05754,-0.07656
0.09300,0.10522,0.02110,-0.04136,-0.06163,-0.14316,-0.11482,-0.12481,-0.01581,0.13895
0.12755,0.07026,0.04233,0.03303,-0.05929,-0.10965,0.08118,0.11069,-0.07546,-0.13815
-0.05061,-0.20672,0.14725,-0.06118,0.02397,-0.05549,0.13639,0.09011,-0.05768,0.02809
-0.03253,-0.06729,-0.02444,0.12363,-0.09831,0.10099,-0.00950,-0.14219,0.12103,0.10992
0.00843,-0.17938,-0.13449,-0.07694,-0.03624,-0.03195,-0.26560,0.08471,-0.00951,0.07873
0.04679,-0.16304,-0.09220,0.03686,0.14600,-0.03929,-0.13552,-0.15581,-0.16221,0.06983
-0.07307,-0.13455,0.08488,-0.14679,0.09975,-0.02329,-0.02398,-0.05194,-0.15016,-0.14375
-0.13432,0.08373,0.08586,0.12737,-0.01364,0.11849,0.08003,0.08860,-0.00447,-0.03874
-0.15719,-0.05123,-0.01987,0.10716,-0.16762,0.13843,0.08203,-0.07376,-0.09550,-0.17359
-0.08256,0.06088,-0.22577,-0.00582,-0.11389,0.00874,0.11347,-0.03264,0.00962,-0.00828
-0.17535,-0.02858,-0.18050,-0.17040,0.03038,0.02475,0.12723,0.09403,0.05115,0.02428
0.06155,0.10983,0.11209,-0.15423,-0.11166,-0.14347,0.00572,-0.13803,0.06936,-0.04329
-0.16470,0.09161,-0.01107,0.07772,-0.05932,-0.05440,0.03388,-0.05977,0.08248,-0.15084
-0.05764,0.11320,0.09916,0.07984,-0.09301,-0.06400,-0.19715,0.03621,-0.11539,-0.11568
-0.14727,-0.12984,0.03255,0.00367,0.11364,0.14418,-0.19653,-0.09187,-0.12958,0.06694
-0.00202,0.12004,0.08576,0.06952,0.11359,-0.16400,0.02018,-0.08356,-0.10692,-0.13281
-0.18408,0.09529,0.07964,0.10916,0.02690,-0.07859,-0.22720,0.01928,0.02201,0.01129
0.06782,-0.21931,-0.18342,0.00750,0.07706,-0.04477,0.09131,0.03560,0.09535,0.11524
-0.03366,0.00068,0.13757,0.11874,-0.17368,-0.15415,-0.18676,0.00623,0.03495,0.02562
-0.15795,0.08793,-0.17369,-0.03712,0.09250,-0.08877,0.05907,-0.13775,-0.00213,0.02322
-0.15278,-0.10966,0.03482,0.07608,-0.17543,-0.03717,-0.16066,-0.06248,-0.10113,-0.13200
0.15569,-0.17645,-0.03789,-0.02602,-0.10175,0.07675,0.09923,0.03807,-0.09304,-0.07780
-0.21485,0.03637,-0.18802,-0.03061,-0.04346,0.02072,-0.09833,0.07581,-0.03470,0.07166
-0.19276,-0.29652,-0.11729,-0.00091,0.01500,-0.10901,-0.17559,-0.09811,0.06578,0.11173
-0.18156,0.06937,-0.09462,0.04742,-0.04759,0.06463,0.14169,0.06299,0.07661,-0.13247
0.07711,0.08872,-0.25449,0.00757,0.02829,0.03905,-0.05675,-0.01928,0.04703,0.07604
-0.16133,-0.11968,0.04538,0.07956,-0.09759,0.08730,-0.05118,-0.17793,0.10517,0.01926
0.06401,0.17772,-0.02433,0.08622,-0.14494,-0.07318,-0.21010,-0.13386,-0.06647,-0.03110
0.06240,-0.13602,0.07884,-0.03879,-0.12171,-0.13321,-0.21305,0.01048,0.02537,0.11824
-0.02847,0.11591,0.10503,0.09593,-0.09286,0.02187,-0.00329,-0.13848,0.09127,-0.08537
-0.16521,-0.05456,-0.11973,0.06137,0.05751,-0.00277,-0.30811,0.11279,0.03180,0.06207
0.13651,0.12737,0.13201,0.06269,-0.13719,-0.00795,0.07018,0.14110,-0.01647,-0.02387
0.19730,0.09770,0.02353,-0.04631,-0.04770,0.07081,-0.08235,-0.11212,-0.10342,0.08659
0.06913,-0.29546,0.05969,-0.06273,-0.07282,0.13424,-0.04321,-0.11401,-0.09229,0.14332
0.05224,0.03648,0.06665,0.07181,-0.18542,0.02720,0.01546,0.09043,-0.00687,-0.07520
0.10795,-0.10886,-0.05045,0.00693,-0.17893,0.09698,0.02463,0.02553,0.00759,-0.04459
0.09668,0.06145,0.11993,0.10145,-0.00891,0.05442,-0.19025,-0.12934,0.05597,-0.11250
-0.18122,0.07143,0.07345,0.09122,0.00813,-0.21240,-0.08612,0.15028,-0.17241,-0.00273
0.10351,-0.10789,0.09596,0.03963,-0.20601,0.12113,0.03526,-0.11707,0.05297,-0.02075
0.07077,-0.10477,-0.15825,-0.00538,-0.14539,0.00526,-0.02561,0.07010,0.07796,0.09399
-0.16940,-0.12381,-0.21769,0.06265,-0.08957,0.10898,0.13002,-0.12766,0.10473,0.12488
0.00477,-0.01547,0.06706,-0.08940,-0.08055,0.06303,0.13038,-0.23407,-0.00812,0.11455
-0.24862,0.12686,0.04003,0.00237,0.09518,0.09104,-0.11900,-0.17724,0.00441,0.08432
-0.22233,0.02083,-0.13305,0.16916,0.00894,-0.15156,0.00856,-0.03572,-0.00650,-0.12131
0.07944,0.11286,0.14950,-0.00357,-0.06260,-0.12747,0.09323,-0.10033,0.02448,-0.13686
-0.05253,-0.08130,-0.26004,-0.09348,0.04079,0.04888,0.05250,0.01908,-0.00044,0.06963
-0.26940,-0.05777,0.01331,-0.13758,0.11064,-0.06596,-0.06872,0.15224,0.03247,-0.00110
-0.25012,-0.01487,-0.05056,0.12528,0.01981,0.07286,-0.22876,-0.14351,0.05211,0.00642
-0.00157,-0.12459,0.13274,-0.11607,-0.15528,0.08648,-0.07591,-0.11869,0.04868,-0.09152
0.00983,-0.03159,0.11373,-0.11175,0.04783,-0.13903,0.09208,-0.17436,0.06009,0.09534
-0.02670,-0.18272,0.02015,-0.07429,-0.04511,0.08894,0.04042,0.03834,-0.17344,0.06037
0.02978,0.07710,-0.12030,0.05163,0.00699,-0.04198,0.05919,0.00105,0.07264,-0.17345
-0.12303,0.13270,-0.10760,-0.18089,0.14217,-0.07375,0.08597,0.00173,-0.16531,-0.13269
0.05926,-0.02018,-0.08781,-0.04331,-0.16506,0.02539,0.15918,-0.21739,-0.03616,-0.13584
0.08311,-0.20402,0.14731,0.07453,0.05156,0.00483,-0.12892,-0.14832,0.03636,0.09714
-0.02137,-0.19765,0.18175,-0.02845,-0.15577,-0.17280,-0.09188,0.08091,0.09861,0.03514
-0.18586,0.12450,0.10559,-0.18904,-0.08636,-0.05942,-0.19331,0.15789,-0.00357,-0.09359
-0.02946,0.13592,-0.02441,-0.19946,0.01861,0.05856,0.04350,-0.07098,-0.14639,-0.02276
